0.001 0.498 0 -0.996 7.97602e-08 
0.002 0.496 0 -0.992 6.36166e-07 
0.003 0.494 0 -0.988 2.14061e-06 
0.004 0.492 0 -0.984 5.05876e-06 
0.005 0.49 0 -0.98 9.8506e-06 
0.006 0.488 0 -0.976 1.69705e-05 
0.007 0.486 0 -0.972 2.6867e-05 
0.008 0.484 0 -0.968 3.99833e-05 
0.009 0.482 0 -0.964 5.67567e-05 
0.01 0.48 0 -0.96 7.76192e-05 
0.012 0.476 0 -0.952 0.000133311 
0.013 0.474 0 -0.948 0.000168977 
0.015 0.47 0 -0.94 0.000257996 
0.016 0.468 0 -0.936 0.000312153 
0.017 0.466 0 -0.932 0.000373268 
0.018 0.464 0 -0.928 0.000441729 
0.019 0.462 0 -0.924 0.000517918 
0.02 0.46 0 -0.92 0.000602214 
0.021 0.458 0 -0.916 0.000694989 
0.022 0.456 0 -0.912 0.000796608 
0.023 0.454 0 -0.908 0.000907434 
0.024 0.452 0 -0.904 0.00102782 
0.025 0.45 0 -0.9 0.00115813 
0.026 0.448 0 -0.896 0.00129869 
0.027 0.446 0 -0.892 0.00144985 
0.029 0.442 0 -0.884 0.00178531 
0.03 0.44 0 -0.88 0.00197027 
0.032 0.436 0 -0.872 0.00237622 
0.033 0.434 0 -0.868 0.00259785 
0.034 0.432 0 -0.864 0.00283232 
0.035 0.43 0 -0.86 0.00307993 
0.036 0.428 0 -0.856 0.00334098 
0.037 0.426 0 -0.852 0.00361576 
0.038 0.424 0 -0.848 0.00390454 
0.039 0.422 0 -0.844 0.00420762 
0.04 0.42 0 -0.84 0.00452526 
0.041 0.418 0 -0.836 0.00485774 
0.042 0.416 0 -0.832 0.00520533 
0.043 0.414 0 -0.828 0.00556827 
0.044 0.412 0 -0.824 0.00594684 
0.046 0.408 0 -0.816 0.00675184 
0.047 0.406 0 -0.812 0.00717875 
0.049 0.402 0 -0.804 0.0080826 
0 0.5 0 -1 0 
0.05 0.4 0 -0.8 0.00856 
0.051 0.398 0 -0.796 0.00905468 
0.052 0.396 0 -0.792 0.00956685 
0.053 0.394 0 -0.788 0.0100967 
0.054 0.392 0 -0.784 0.0106445 
0.055 0.39 0 -0.78 0.0112105 
0.056 0.388 0 -0.776 0.0117947 
0.057 0.386 0 -0.772 0.0123975 
0.058 0.384 0 -0.768 0.013019 
0.059 0.382 0 -0.764 0.0136594 
0.06 0.38 0 -0.76 0.0143189 
0.061 0.378 0 -0.756 0.0149976 
0.063 0.374 0 -0.748 0.0164136 
0.064 0.372 0 -0.744 0.0171511 
0.066 0.368 0 -0.736 0.0186862 
0.067 0.366 0 -0.732 0.019484 
0.068 0.364 0 -0.728 0.0203022 
0.069 0.362 0 -0.724 0.0211409 
0.07 0.36 0 -0.72 0.0220003 
0.071 0.358 0 -0.716 0.0228805 
0.072 0.356 0 -0.712 0.0237816 
0.073 0.354 0 -0.708 0.0247038 
0.074 0.352 0 -0.704 0.0256472 
0.075 0.35 0 -0.7 0.0266119 
0.076 0.348 0 -0.696 0.027598 
0.077 0.346 0 -0.692 0.0286056 
0.078 0.344 0 -0.688 0.0296349 
0.08 0.34 0 -0.68 0.0317587 
0.081 0.338 0 -0.676 0.0328535 
0.083 0.334 0 -0.668 0.0351093 
0.084 0.332 0 -0.664 0.0362704 
0.085 0.33 0 -0.66 0.0374538 
0.086 0.328 0 -0.656 0.0386595 
0.087 0.326 0 -0.652 0.0398877 
0.088 0.324 0 -0.648 0.0411383 
0.089 0.322 0 -0.644 0.0424115 
0.09 0.32 0 -0.64 0.0437073 
0.091 0.318 0 -0.636 0.0450258 
0.092 0.316 0 -0.632 0.046367 
0.093 0.314 0 -0.628 0.047731 
0.094 0.312 0 -0.624 0.0491178 
0.095 0.31 0 -0.62 0.0505275 
0.097 0.306 0 -0.612 0.0534156 
0.098 0.304 0 -0.608 0.0548941 
0.101 0.298 0 -0.596 0.0594675 
0.102 0.296 0 -0.592 0.0610381 
0.1 0.3 0 -0.6 0.05792 
0.103 0.294 0 -0.588 0.0626318 
0.104 0.292 0 -0.584 0.0642485 
0.105 0.29 0 -0.58 0.0658883 
0.106 0.288 0 -0.576 0.0675512 
0.107 0.286 0 -0.572 0.0692372 
0.108 0.284 0 -0.568 0.0709463 
0.109 0.282 0 -0.564 0.0726785 
0.11 0.28 0 -0.56 0.0744338 
0.111 0.278 0 -0.556 0.0762121 
0.112 0.276 0 -0.552 0.0780135 
0.114 0.272 0 -0.544 0.0816853 
0.115 0.27 0 -0.54 0.0835557 
0.117 0.266 0 -0.532 0.0873652 
0.118 0.264 0 -0.528 0.0893044 
0.119 0.262 0 -0.524 0.0912664 
0.12 0.26 0 -0.52 0.0932512 
0.121 0.258 0 -0.516 0.0952587 
0.122 0.256 0 -0.512 0.097289 
0.123 0.254 0 -0.508 0.099342 
0.124 0.252 0 -0.504 0.101418 
0.125 0.25 0 -0.5 0.103516 
0.126 0.248 0 -0.496 0.105636 
0.127 0.246 0 -0.492 0.107779 
0.128 0.244 0 -0.488 0.109945 
0.129 0.242 0 -0.484 0.112132 
0.131 0.238 0 -0.476 0.116575 
0.132 0.236 0 -0.472 0.118829 
0.134 0.232 0 -0.464 0.123403 
0.135 0.23 0 -0.46 0.125723 
0.136 0.228 0 -0.456 0.128065 
0.137 0.226 0 -0.452 0.130428 
0.138 0.224 0 -0.448 0.132813 
0.139 0.222 0 -0.444 0.13522 
0.14 0.22 0 -0.44 0.137648 
0.141 0.218 0 -0.436 0.140097 
0.142 0.216 0 -0.432 0.142567 
0.143 0.214 0 -0.428 0.145059 
0.144 0.212 0 -0.424 0.147571 
0.145 0.21 0 -0.42 0.150105 
0.146 0.208 0 -0.416 0.152659 
0.148 0.204 0 -0.408 0.157828 
0.149 0.202 0 -0.404 0.160444 
0.151 0.198 0 -0.396 0.165736 
0.152 0.196 0 -0.392 0.168412 
0.153 0.194 0 -0.388 0.171108 
0.154 0.192 0 -0.384 0.173824 
0.155 0.19 0 -0.38 0.176559 
0.156 0.188 0 -0.376 0.179314 
0.157 0.186 0 -0.372 0.182089 
0.158 0.184 0 -0.368 0.184882 
0.159 0.182 0 -0.364 0.187695 
0.16 0.18 0 -0.36 0.190526 
0.161 0.178 0 -0.356 0.193377 
0.162 0.176 0 -0.352 0.196246 
0.163 0.174 0 -0.348 0.199133 
0.165 0.17 0 -0.34 0.204963 
0.166 0.168 0 -0.336 0.207905 
0.168 0.164 0 -0.328 0.213843 
0.169 0.162 0 -0.324 0.216838 
0.17 0.16 0 -0.32 0.219851 
0.171 0.158 0 -0.316 0.222881 
0.172 0.156 0 -0.312 0.225928 
0.173 0.154 0 -0.308 0.228992 
0.174 0.152 0 -0.304 0.232072 
0.175 0.15 0 -0.3 0.235169 
0.176 0.148 0 -0.296 0.238283 
0.177 0.146 0 -0.292 0.241413 
0.178 0.144 0 -0.288 0.244558 
0.179 0.142 0 -0.284 0.24772 
0.18 0.14 0 -0.28 0.250897 
0.182 0.136 0 -0.272 0.257298 
0.183 0.134 0 -0.268 0.260521 
0.185 0.13 0 -0.26 0.267012 
0.186 0.128 0 -0.256 0.27028 
0.187 0.126 0 -0.252 0.273561 
0.188 0.124 0 -0.248 0.276857 
0.189 0.122 0 -0.244 0.280167 
0.19 0.12 0 -0.24 0.283491 
0.191 0.118 0 -0.236 0.286828 
0.192 0.116 0 -0.232 0.290178 
0.193 0.114 0 -0.228 0.293542 
0.194 0.112 0 -0.224 0.296919 
0.195 0.11 0 -0.22 0.300308 
0.196 0.108 0 -0.216 0.30371 
0.197 0.106 0 -0.212 0.307125 
0.199 0.102 0 -0.204 0.31399 
0.2 0.1 0 -0.2 0.31744 
0.202 0.096 0 -0.192 0.324375 
0.203 0.094 0 -0.188 0.327859 
0.204 0.092 0 -0.184 0.331354 
0.205 0.09 0 -0.18 0.33486 
0.206 0.088 0 -0.176 0.338376 
0.207 0.086 0 -0.172 0.341902 
0.208 0.084 0 -0.168 0.345438 
0.209 0.082 0 -0.164 0.348985 
0.21 0.08 0 -0.16 0.35254 
0.211 0.078 0 -0.156 0.356105 
0.212 0.076 0 -0.152 0.35968 
0.213 0.074 0 -0.148 0.363263 
0.214 0.072 0 -0.144 0.366855 
0.216 0.068 0 -0.136 0.374063 
0.217 0.066 0 -0.132 0.37768 
0.219 0.062 0 -0.124 0.384936 
0.22 0.06 0 -0.12 0.388575 
0.221 0.058 0 -0.116 0.392222 
0.222 0.056 0 -0.112 0.395875 
0.223 0.054 0 -0.108 0.399535 
0.224 0.052 0 -0.104 0.403201 
0.225 0.05 0 -0.1 0.406873 
0.226 0.048 0 -0.096 0.410551 
0.227 0.046 0 -0.092 0.414235 
0.228 0.044 0 -0.088 0.417925 
0.229 0.042 0 -0.084 0.42162 
0.23 0.04 0 -0.08 0.425319 
0.231 0.038 0 -0.076 0.429024 
0.233 0.034 0 -0.068 0.436446 
0.234 0.032 0 -0.064 0.440164 
0.236 0.028 0 -0.056 0.44761 
0.237 0.026 0 -0.052 0.451338 
0.238 0.024 0 -0.048 0.455069 
0.239 0.022 0 -0.044 0.458803 
0.24 0.02 0 -0.04 0.46254 
0.241 0.018 0 -0.036 0.466279 
0.242 0.016 0 -0.032 0.47002 
0.243 0.014 0 -0.028 0.473764 
0.244 0.012 0 -0.024 0.477509 
0.245 0.01 0 -0.02 0.481255 
0.246 0.008 0 -0.016 0.485003 
0.247 0.006 0 -0.012 0.488751 
0.248 0.004 0 -0.008 0.4925 
0.251 -0.002 0 0.004 0.50375 
0.253 -0.006 0 0.012 0.511249 
0.254 -0.008 0 0.016 0.514997 
0.255 -0.01 0 0.02 0.518745 
0.256 -0.012 0 0.024 0.522491 
0.25 -6.43929e-15 0 1.28786e-14 0.5 
0.257 -0.014 0 0.028 0.526236 
0.258 -0.016 0 0.032 0.52998 
0.259 -0.018 0 0.036 0.533721 
0.26 -0.02 0 0.04 0.53746 
0.261 -0.022 0 0.044 0.541197 
0.262 -0.024 0 0.048 0.544931 
0.264 -0.028 0 0.056 0.55239 
0.265 -0.03 0 0.06 0.556115 
0.267 -0.034 0 0.068 0.563554 
0.268 -0.036 0 0.072 0.567267 
0.27 -0.04 0 0.08 0.574681 
0.271 -0.042 0 0.084 0.57838 
0.272 -0.044 0 0.088 0.582075 
0.273 -0.046 0 0.092 0.585765 
0.274 -0.048 0 0.096 0.589449 
0.275 -0.05 0 0.1 0.593127 
0.276 -0.052 0 0.104 0.596799 
0.277 -0.054 0 0.108 0.600465 
0.278 -0.056 0 0.112 0.604125 
0.279 -0.058 0 0.116 0.607778 
0.281 -0.062 0 0.124 0.615064 
0.282 -0.064 0 0.128 0.618696 
0.284 -0.068 0 0.136 0.625937 
0.285 -0.07 0 0.14 0.629545 
0.287 -0.074 0 0.148 0.636737 
0.288 -0.076 0 0.152 0.64032 
0.289 -0.078 0 0.156 0.643895 
0.29 -0.08 0 0.16 0.64746 
0.291 -0.082 0 0.164 0.651015 
0.292 -0.084 0 0.168 0.654562 
0.293 -0.086 0 0.172 0.658098 
0.294 -0.088 0 0.176 0.661624 
0.295 -0.09 0 0.18 0.66514 
0.296 -0.092 0 0.184 0.668646 
0.298 -0.096 0 0.192 0.675625 
0.299 -0.098 0 0.196 0.679098 
0.301 -0.102 0 0.204 0.68601 
0.302 -0.104 0 0.208 0.689449 
0.304 -0.108 0 0.216 0.69629 
0.305 -0.11 0 0.22 0.699692 
0.306 -0.112 0 0.224 0.703081 
0.307 -0.114 0 0.228 0.706458 
0.308 -0.116 0 0.232 0.709822 
0.309 -0.118 0 0.236 0.713172 
0.31 -0.12 0 0.24 0.716509 
0.311 -0.122 0 0.244 0.719833 
0.312 -0.124 0 0.248 0.723143 
0.313 -0.126 0 0.252 0.726439 
0.315 -0.13 0 0.26 0.732988 
0.316 -0.132 0 0.264 0.736241 
0.318 -0.136 0 0.272 0.742702 
0.319 -0.138 0 0.276 0.74591 
0.321 -0.142 0 0.284 0.75228 
0.322 -0.144 0 0.288 0.755442 
0.323 -0.146 0 0.292 0.758587 
0.324 -0.148 0 0.296 0.761717 
0.325 -0.15 0 0.3 0.764831 
0.326 -0.152 0 0.304 0.767928 
0.327 -0.154 0 0.308 0.771008 
0.328 -0.156 0 0.312 0.774072 
0.329 -0.158 0 0.316 0.777119 
0.33 -0.16 0 0.32 0.780149 
0.332 -0.164 0 0.328 0.786157 
0.333 -0.166 0 0.332 0.789135 
0.335 -0.17 0 0.34 0.795037 
0.336 -0.172 0 0.344 0.797961 
0.338 -0.176 0 0.352 0.803754 
0.339 -0.178 0 0.356 0.806623 
0.34 -0.18 0 0.36 0.809474 
0.341 -0.182 0 0.364 0.812305 
0.342 -0.184 0 0.368 0.815118 
0.343 -0.186 0 0.372 0.817911 
0.344 -0.188 0 0.376 0.820686 
0.345 -0.19 0 0.38 0.823441 
0.346 -0.192 0 0.384 0.826176 
0.347 -0.194 0 0.388 0.828892 
0.349 -0.198 0 0.396 0.834264 
0.35 -0.2 0 0.4 0.83692 
0.352 -0.204 0 0.408 0.842172 
0.353 -0.206 0 0.412 0.844767 
0.355 -0.21 0 0.42 0.849895 
0.356 -0.212 0 0.424 0.852429 
0.357 -0.214 0 0.428 0.854941 
0.358 -0.216 0 0.432 0.857433 
0.359 -0.218 0 0.436 0.859903 
0.36 -0.22 0 0.44 0.862352 
0.361 -0.222 0 0.444 0.86478 
0.362 -0.224 0 0.448 0.867187 
0.363 -0.226 0 0.452 0.869572 
0.364 -0.228 0 0.456 0.871935 
0.366 -0.232 0 0.464 0.876597 
0.367 -0.234 0 0.468 0.878895 
0.369 -0.238 0 0.476 0.883425 
0.37 -0.24 0 0.48 0.885658 
0.372 -0.244 0 0.488 0.890055 
0.373 -0.246 0 0.492 0.892221 
0.374 -0.248 0 0.496 0.894364 
0.375 -0.25 0 0.5 0.896484 
0.376 -0.252 0 0.504 0.898582 
0.377 -0.254 0 0.508 0.900658 
0.378 -0.256 0 0.512 0.902711 
0.379 -0.258 0 0.516 0.904741 
0.38 -0.26 0 0.52 0.906749 
0.381 -0.262 0 0.524 0.908734 
0.383 -0.266 0 0.532 0.912635 
0.384 -0.268 0 0.536 0.914551 
0.386 -0.272 0 0.544 0.918315 
0.387 -0.274 0 0.548 0.920162 
0.389 -0.278 0 0.556 0.923788 
0.39 -0.28 0 0.56 0.925566 
0.391 -0.282 0 0.564 0.927321 
0.392 -0.284 0 0.568 0.929054 
0.393 -0.286 0 0.572 0.930763 
0.394 -0.288 0 0.576 0.932449 
0.395 -0.29 0 0.58 0.934112 
0.396 -0.292 0 0.584 0.935752 
0.397 -0.294 0 0.588 0.937368 
0.398 -0.296 0 0.592 0.938962 
0.401 -0.302 0 0.604 0.943604 
0.4 -0.3 0 0.6 0.94208 
0.403 -0.306 0 0.612 0.946584 
0.404 -0.308 0 0.616 0.94804 
0.406 -0.312 0 0.624 0.950882 
0.407 -0.314 0 0.628 0.952269 
0.408 -0.316 0 0.632 0.953633 
0.409 -0.318 0 0.636 0.954974 
0.41 -0.32 0 0.64 0.956293 
0.411 -0.322 0 0.644 0.957588 
0.412 -0.324 0 0.648 0.958862 
0.413 -0.326 0 0.652 0.960112 
0.414 -0.328 0 0.656 0.96134 
0.415 -0.33 0 0.66 0.962546 
0.417 -0.334 0 0.668 0.964891 
0.418 -0.336 0 0.672 0.96603 
0.42 -0.34 0 0.68 0.968241 
0.421 -0.342 0 0.684 0.969314 
0.423 -0.346 0 0.692 0.971394 
0.424 -0.348 0 0.696 0.972402 
0.425 -0.35 0 0.7 0.973388 
0.426 -0.352 0 0.704 0.974353 
0.427 -0.354 0 0.708 0.975296 
0.428 -0.356 0 0.712 0.976218 
0.429 -0.358 0 0.716 0.97712 
0.43 -0.36 0 0.72 0.978 
0.431 -0.362 0 0.724 0.978859 
0.432 -0.364 0 0.728 0.979698 
0.434 -0.368 0 0.736 0.981314 
0.435 -0.37 0 0.74 0.982091 
0.437 -0.374 0 0.748 0.983586 
0.438 -0.376 0 0.752 0.984304 
0.44 -0.38 0 0.76 0.985681 
0.441 -0.382 0 0.764 0.986341 
0.442 -0.384 0 0.768 0.986981 
0.443 -0.386 0 0.772 0.987602 
0.444 -0.388 0 0.776 0.988205 
0.445 -0.39 0 0.78 0.98879 
0.446 -0.392 0 0.784 0.989355 
0.447 -0.394 0 0.788 0.989903 
0.448 -0.396 0 0.792 0.990433 
0.449 -0.398 0 0.796 0.990945 
0.451 -0.402 0 0.804 0.991917 
0.452 -0.404 0 0.808 0.992378 
0.454 -0.408 0 0.816 0.993248 
0.455 -0.41 0 0.82 0.993659 
0.457 -0.414 0 0.828 0.994432 
0.458 -0.416 0 0.832 0.994795 
0.459 -0.418 0 0.836 0.995142 
0.46 -0.42 0 0.84 0.995475 
0.461 -0.422 0 0.844 0.995792 
0.462 -0.424 0 0.848 0.996095 
0.463 -0.426 0 0.852 0.996384 
0.464 -0.428 0 0.856 0.996659 
0.465 -0.43 0 0.86 0.99692 
0.466 -0.432 0 0.864 0.997168 
0.468 -0.436 0 0.872 0.997624 
0.469 -0.438 0 0.876 0.997833 
0.471 -0.442 0 0.884 0.998215 
0.472 -0.444 0 0.888 0.998388 
0.474 -0.448 0 0.896 0.998701 
0.475 -0.45 0 0.9 0.998842 
0.476 -0.452 0 0.904 0.998972 
0.477 -0.454 0 0.908 0.999093 
0.478 -0.456 0 0.912 0.999203 
0.479 -0.458 0 0.916 0.999305 
0.48 -0.46 0 0.92 0.999398 
0.481 -0.462 0 0.924 0.999482 
0.482 -0.464 0 0.928 0.999558 
0.483 -0.466 0 0.932 0.999627 
0.485 -0.47 0 0.94 0.999742 
0.486 -0.472 0 0.944 0.99979 
0.488 -0.476 0 0.952 0.999867 
0.489 -0.478 0 0.956 0.999897 
0.491 -0.482 0 0.964 0.999943 
0.492 -0.484 0 0.968 0.99996 
0.493 -0.486 0 0.972 0.999973 
0.494 -0.488 0 0.976 0.999983 
0.495 -0.49 0 0.98 0.99999 
0.496 -0.492 0 0.984 0.999995 
0.497 -0.494 0 0.988 0.999998 
0.498 -0.496 0 0.992 0.999999 
0.499 -0.498 0 0.996 1 
0.502 -0.489992 0.0100316 0.992 0.999999 
0.503 -0.484982 0.0150707 0.988 0.999998 
0.505 -0.474952 0.025194 0.98 0.99999 
0.5 -0.5 3.21965e-14 1 1 
0.506 -0.469931 0.0302776 0.976 0.999983 
0.508 -0.45988 0.0404874 0.968 0.99996 
0.509 -0.45485 0.045613 0.964 0.999943 
0.51 -0.449816 0.050752 0.96 0.999922 
0.511 -0.444779 0.0559041 0.956 0.999897 
0.512 -0.43974 0.0610691 0.952 0.999867 
0.513 -0.434697 0.0662465 0.948 0.999831 
0.514 -0.429652 0.0714363 0.944 0.99979 
0.515 -0.424604 0.076638 0.94 0.999742 
0.516 -0.419554 0.0818514 0.936 0.999688 
0.517 -0.414501 0.0870762 0.932 0.999627 
0.519 -0.404388 0.0975588 0.924 0.999482 
0.52 -0.399328 0.102816 0.92 0.999398 
0.522 -0.389202 0.113361 0.912 0.999203 
0.523 -0.384137 0.118648 0.908 0.999093 
0.525 -0.374 0.12925 0.9 0.998842 
0.526 -0.368929 0.134564 0.896 0.998701 
0.527 -0.363857 0.139887 0.892 0.99855 
0.528 -0.358783 0.145218 0.888 0.998388 
0.529 -0.353708 0.150557 0.884 0.998215 
0.53 -0.348632 0.155904 0.88 0.99803 
0.531 -0.343555 0.161258 0.876 0.997833 
0.532 -0.338476 0.166619 0.872 0.997624 
0.533 -0.333397 0.171987 0.868 0.997402 
0.534 -0.328317 0.177361 0.864 0.997168 
0.536 -0.318154 0.188129 0.856 0.996659 
0.537 -0.313072 0.193521 0.852 0.996384 
0.539 -0.302907 0.204321 0.844 0.995792 
0.54 -0.297824 0.209728 0.84 0.995475 
0.542 -0.287657 0.220556 0.832 0.994795 
0.543 -0.282574 0.225976 0.828 0.994432 
0.544 -0.277491 0.231399 0.824 0.994053 
0.545 -0.272408 0.236826 0.82 0.993659 
0.546 -0.267325 0.242256 0.816 0.993248 
0.547 -0.262243 0.247688 0.812 0.992821 
0.548 -0.257161 0.253124 0.808 0.992378 
0.549 -0.25208 0.258561 0.804 0.991917 
0.55 -0.247 0.264 0.8 0.99144 
0.551 -0.24192 0.269441 0.796 0.990945 
0.553 -0.231764 0.280326 0.788 0.989903 
0.554 -0.226687 0.28577 0.784 0.989355 
0.556 -0.216538 0.296658 0.776 0.988205 
0.557 -0.211465 0.302103 0.772 0.987602 
0.559 -0.201324 0.31299 0.764 0.986341 
0.56 -0.196256 0.318432 0.76 0.985681 
0.561 -0.19119 0.323873 0.756 0.985002 
0.562 -0.186125 0.329312 0.752 0.984304 
0.563 -0.181063 0.33475 0.748 0.983586 
0.564 -0.176002 0.340185 0.744 0.982849 
0.565 -0.170944 0.345618 0.74 0.982091 
0.566 -0.165888 0.351048 0.736 0.981314 
0.567 -0.160834 0.356475 0.732 0.980516 
0.568 -0.155783 0.361899 0.728 0.979698 
0.57 -0.145688 0.372736 0.72 0.978 
0.571 -0.140645 0.378148 0.716 0.97712 
0.573 -0.130566 0.388959 0.708 0.975296 
0.574 -0.125532 0.394357 0.704 0.974353 
0.576 -0.115472 0.405137 0.696 0.972402 
0.577 -0.110447 0.410518 0.692 0.971394 
0.578 -0.105425 0.415894 0.688 0.970365 
0.579 -0.100407 0.421262 0.684 0.969314 
0.58 -0.095392 0.426624 0.68 0.968241 
0.581 -0.0903811 0.431979 0.676 0.967146 
0.582 -0.0853739 0.437326 0.672 0.96603 
0.583 -0.0803706 0.442666 0.668 0.964891 
0.584 -0.0753713 0.447998 0.664 0.96373 
0.585 -0.070376 0.453322 0.66 0.962546 
0.587 -0.060398 0.463944 0.652 0.960112 
0.588 -0.0554156 0.469241 0.648 0.958862 
0.59 -0.045464 0.479808 0.64 0.956293 
0.591 -0.0404951 0.485077 0.636 0.954974 
0.593 -0.0305717 0.495583 0.628 0.952269 
0.594 -0.0256173 0.50082 0.624 0.950882 
0.595 -0.020668 0.506046 0.62 0.949472 
0.596 -0.0157238 0.511261 0.616 0.94804 
0.597 -0.0107848 0.516464 0.612 0.946584 
0.598 -0.00585107 0.521655 0.608 0.945106 
0.599 -0.000922784 0.526834 0.604 0.943604 
0.6 0.004 0.532 0.6 0.94208 
0.601 0.00891718 0.537154 0.596 0.940532 
0.602 0.0138287 0.542294 0.592 0.938962 
0.604 0.0236342 0.552535 0.584 0.935752 
0.605 0.028528 0.557634 0.58 0.934112 
0.607 0.0382973 0.56779 0.572 0.930763 
0.608 0.0431726 0.572846 0.568 0.929054 
0.61 0.052904 0.582912 0.56 0.925566 
0.611 0.0577599 0.587922 0.556 0.923788 
0.612 0.0626092 0.592915 0.552 0.921987 
0.613 0.0674516 0.597893 0.548 0.920162 
0.614 0.0722873 0.602854 0.544 0.918315 
0.615 0.077116 0.607798 0.54 0.916444 
0.616 0.0819377 0.612725 0.536 0.914551 
0.617 0.0867522 0.617635 0.532 0.912635 
0.618 0.0915595 0.622526 0.528 0.910696 
0.619 0.0963595 0.6274 0.524 0.908734 
0.621 0.105937 0.637093 0.516 0.904741 
0.622 0.110714 0.641911 0.512 0.902711 
0.624 0.120246 0.65149 0.504 0.898582 
0.625 0.125 0.65625 0.5 0.896484 
0.627 0.134484 0.66571 0.492 0.892221 
0.628 0.139214 0.670409 0.488 0.890055 
0.629 0.143935 0.675087 0.484 0.887868 
0.63 0.148648 0.679744 0.48 0.885658 
0.631 0.153353 0.68438 0.476 0.883425 
0.632 0.158049 0.688994 0.472 0.881171 
0.633 0.162736 0.693585 0.468 0.878895 
0.634 0.167414 0.698155 0.464 0.876597 
0.635 0.172084 0.702702 0.46 0.874277 
0.636 0.176745 0.707226 0.456 0.871935 
0.638 0.186039 0.716205 0.448 0.867187 
0.639 0.190672 0.720658 0.444 0.86478 
0.641 0.19991 0.729493 0.436 0.859903 
0.642 0.204515 0.733874 0.432 0.857433 
0.644 0.213696 0.742561 0.424 0.852429 
0.645 0.218272 0.746866 0.42 0.849895 
0.646 0.222838 0.751145 0.416 0.847341 
0.647 0.227394 0.755399 0.412 0.844767 
0.648 0.231939 0.759626 0.408 0.842172 
0.649 0.236475 0.763826 0.404 0.839556 
0.65 0.241 0.768 0.4 0.83692 
0.651 0.245515 0.772146 0.396 0.834264 
0.652 0.250019 0.776265 0.392 0.831588 
0.653 0.254513 0.780356 0.388 0.828892 
0.655 0.263468 0.788454 0.38 0.823441 
0.656 0.267929 0.79246 0.376 0.820686 
0.658 0.276819 0.800385 0.368 0.815118 
0.659 0.281247 0.804303 0.364 0.812305 
0.661 0.29007 0.812051 0.356 0.806623 
0.662 0.294464 0.815879 0.352 0.803754 
0.663 0.298846 0.819676 0.348 0.800867 
0.664 0.303217 0.823443 0.344 0.797961 
0.665 0.307576 0.827178 0.34 0.795037 
0.666 0.311923 0.830882 0.336 0.792095 
0.667 0.316259 0.834554 0.332 0.789135 
0.668 0.320582 0.838194 0.328 0.786157 
0.669 0.324893 0.841801 0.324 0.783162 
0.67 0.329192 0.845376 0.32 0.780149 
0.672 0.337753 0.852426 0.312 0.774072 
0.673 0.342015 0.855902 0.308 0.771008 
0.675 0.3505 0.86275 0.3 0.764831 
0.676 0.354724 0.866123 0.296 0.761717 
0.678 0.363132 0.872764 0.288 0.755442 
0.679 0.367317 0.876032 0.284 0.75228 
0.68 0.371488 0.879264 0.28 0.749103 
0.681 0.375646 0.88246 0.276 0.74591 
0.682 0.379791 0.885621 0.272 0.742702 
0.683 0.383922 0.888745 0.268 0.739479 
0.684 0.38804 0.891832 0.264 0.736241 
0.685 0.392144 0.894882 0.26 0.732988 
0.686 0.396234 0.897895 0.256 0.72972 
0.687 0.400311 0.90087 0.252 0.726439 
0.689 0.408422 0.906707 0.244 0.719833 
0.69 0.412456 0.909568 0.24 0.716509 
0.692 0.420482 0.915173 0.232 0.709822 
0.693 0.424473 0.917917 0.228 0.706458 
0.695 0.432412 0.923286 0.22 0.699692 
0.696 0.436359 0.92591 0.216 0.69629 
0.697 0.440292 0.928494 0.212 0.692875 
0.698 0.44421 0.931037 0.208 0.689449 
0.699 0.448112 0.933539 0.204 0.68601 
0.701 0.455872 0.938419 0.196 0.679098 
0.702 0.459729 0.940796 0.192 0.675625 
0.703 0.463571 0.943132 0.188 0.672141 
0.704 0.467397 0.945424 0.184 0.668646 
0.7 0.452 0.936 0.2 0.68256 
0.706 0.475003 0.949881 0.176 0.661624 
0.707 0.478782 0.952044 0.172 0.658098 
0.709 0.486293 0.95624 0.164 0.651015 
0.71 0.490024 0.958272 0.16 0.64746 
0.712 0.497438 0.962202 0.152 0.64032 
0.713 0.50112 0.964099 0.148 0.636737 
0.714 0.504786 0.965951 0.144 0.633145 
0.715 0.508436 0.967758 0.14 0.629545 
0.716 0.512069 0.969519 0.136 0.625937 
0.717 0.515685 0.971233 0.132 0.62232 
0.718 0.519284 0.972901 0.128 0.618696 
0.719 0.522867 0.974522 0.124 0.615064 
0.72 0.526432 0.976096 0.12 0.611425 
0.721 0.52998 0.977623 0.116 0.607778 
0.723 0.537025 0.980533 0.108 0.600465 
0.724 0.540521 0.981916 0.104 0.596799 
0.726 0.547461 0.984536 0.096 0.589449 
0.727 0.550905 0.985772 0.092 0.585765 
0.729 0.557738 0.988097 0.084 0.57838 
0.73 0.561128 0.989184 0.08 0.574681 
0.731 0.5645 0.990221 0.076 0.570976 
0.732 0.567853 0.991208 0.072 0.567267 
0.733 0.571189 0.992144 0.068 0.563554 
0.734 0.574506 0.993029 0.064 0.559836 
0.735 0.577804 0.993862 0.06 0.556115 
0.736 0.581084 0.994644 0.056 0.55239 
0.737 0.584345 0.995373 0.052 0.548662 
0.738 0.587588 0.996051 0.048 0.544931 
0.74 0.594016 0.997248 0.04 0.53746 
0.741 0.597202 0.997767 0.036 0.533721 
0.743 0.603515 0.998644 0.028 0.526236 
0.744 0.606643 0.999002 0.024 0.522491 
0.746 0.612841 0.999555 0.016 0.514997 
0.747 0.61591 0.999749 0.012 0.511249 
0.748 0.61896 0.999888 0.008 0.5075 
0.749 0.62199 0.999972 0.004 0.50375 
0.75 0.625 1 -3.86358e-14 0.5 
0.751 0.62799 0.999972 -0.004 0.49625 
0.752 0.63096 0.999888 -0.008 0.4925 
0.753 0.63391 0.999749 -0.012 0.488751 
0.754 0.636839 0.999555 -0.016 0.485003 
0.755 0.639748 0.999306 -0.02 0.481255 
0.757 0.645505 0.998644 -0.028 0.473764 
0.758 0.648352 0.998233 -0.032 0.47002 
0.76 0.653984 0.997248 -0.04 0.46254 
0.761 0.656769 0.996676 -0.044 0.458803 
0.763 0.662275 0.995373 -0.052 0.451338 
0.764 0.664996 0.994644 -0.056 0.44761 
0.765 0.667696 0.993862 -0.06 0.443885 
0.766 0.670374 0.993029 -0.064 0.440164 
0.767 0.673031 0.992144 -0.068 0.436446 
0.768 0.675667 0.991208 -0.072 0.432733 
0.769 0.67828 0.990221 -0.076 0.429024 
0.77 0.680872 0.989184 -0.08 0.425319 
0.771 0.683442 0.988097 -0.084 0.42162 
0.772 0.68599 0.986959 -0.088 0.417925 
0.774 0.691019 0.984536 -0.096 0.410551 
0.775 0.6935 0.98325 -0.1 0.406873 
0.777 0.698395 0.980533 -0.108 0.399535 
0.778 0.700809 0.979102 -0.112 0.395875 
0.78 0.705568 0.976096 -0.12 0.388575 
0.781 0.707913 0.974522 -0.124 0.384936 
0.782 0.710236 0.972901 -0.128 0.381304 
0.783 0.712535 0.971233 -0.132 0.37768 
0.784 0.714811 0.969519 -0.136 0.374063 
0.785 0.717064 0.967758 -0.14 0.370455 
0.786 0.719294 0.965951 -0.144 0.366855 
0.787 0.7215 0.964099 -0.148 0.363263 
0.788 0.723682 0.962202 -0.152 0.35968 
0.789 0.725841 0.960259 -0.156 0.356105 
0.791 0.730087 0.95624 -0.164 0.348985 
0.792 0.732175 0.954164 -0.168 0.345438 
0.794 0.736277 0.949881 -0.176 0.338376 
0.795 0.738292 0.947674 -0.18 0.33486 
0.797 0.742249 0.943132 -0.188 0.327859 
0.798 0.744191 0.940796 -0.192 0.324375 
0.799 0.746108 0.938419 -0.196 0.320902 
0.801 0.749868 0.933539 -0.204 0.31399 
0.802 0.75171 0.931037 -0.208 0.310551 
0.803 0.753528 0.928494 -0.212 0.307125 
0.804 0.755321 0.92591 -0.216 0.30371 
0.805 0.757088 0.923286 -0.22 0.300308 
0.806 0.75883 0.920622 -0.224 0.296919 
0.8 0.748 0.936 -0.2 0.31744 
0.808 0.762238 0.915173 -0.232 0.290178 
0.809 0.763904 0.91239 -0.236 0.286828 
0.811 0.767158 0.906707 -0.244 0.280167 
0.812 0.768747 0.903808 -0.248 0.276857 
0.814 0.771846 0.897895 -0.256 0.27028 
0.815 0.773356 0.894882 -0.26 0.267012 
0.816 0.77484 0.891832 -0.264 0.263759 
0.817 0.776298 0.888745 -0.268 0.260521 
0.818 0.777729 0.885621 -0.272 0.257298 
0.819 0.779134 0.88246 -0.276 0.25409 
0.82 0.780512 0.879264 -0.28 0.250897 
0.821 0.781863 0.876032 -0.284 0.24772 
0.822 0.783188 0.872764 -0.288 0.244558 
0.823 0.784486 0.869461 -0.292 0.241413 
0.825 0.787 0.86275 -0.3 0.235169 
0.826 0.788216 0.859343 -0.304 0.232072 
0.828 0.790567 0.852426 -0.312 0.225928 
0.829 0.791701 0.848918 -0.316 0.222881 
0.831 0.793887 0.841801 -0.324 0.216838 
0.832 0.794938 0.838194 -0.328 0.213843 
0.833 0.795961 0.834554 -0.332 0.210865 
0.834 0.796957 0.830882 -0.336 0.207905 
0.835 0.797924 0.827178 -0.34 0.204963 
0.836 0.798863 0.823443 -0.344 0.202039 
0.837 0.799774 0.819676 -0.348 0.199133 
0.838 0.800656 0.815879 -0.352 0.196246 
0.839 0.80151 0.812051 -0.356 0.193377 
0.84 0.802336 0.808192 -0.36 0.190526 
0.842 0.803901 0.800385 -0.368 0.184882 
0.843 0.80464 0.796437 -0.372 0.182089 
0.845 0.806032 0.788454 -0.38 0.176559 
0.846 0.806684 0.784419 -0.384 0.173824 
0.848 0.807901 0.776265 -0.392 0.168412 
0.849 0.808465 0.772146 -0.396 0.165736 
0.85 0.809 0.768 -0.4 0.16308 
0.851 0.809505 0.763826 -0.404 0.160444 
0.852 0.809981 0.759626 -0.408 0.157828 
0.853 0.810426 0.755399 -0.412 0.155233 
0.854 0.810842 0.751145 -0.416 0.152659 
0.855 0.811228 0.746866 -0.42 0.150105 
0.856 0.811584 0.742561 -0.424 0.147571 
0.857 0.811909 0.73823 -0.428 0.145059 
0.859 0.81247 0.729493 -0.436 0.140097 
0.86 0.812704 0.725088 -0.44 0.137648 
0.862 0.813081 0.716205 -0.448 0.132813 
0.863 0.813224 0.711727 -0.452 0.130428 
0.865 0.813416 0.702702 -0.46 0.125723 
0.866 0.813466 0.698155 -0.464 0.123403 
0.867 0.813484 0.693585 -0.468 0.121105 
0.868 0.813471 0.688994 -0.472 0.118829 
0.869 0.813427 0.68438 -0.476 0.116575 
0.87 0.813352 0.679744 -0.48 0.114342 
0.871 0.813245 0.675087 -0.484 0.112132 
0.872 0.813106 0.670409 -0.488 0.109945 
0.873 0.812936 0.66571 -0.492 0.107779 
0.874 0.812734 0.66099 -0.496 0.105636 
0.876 0.812234 0.65149 -0.504 0.101418 
0.877 0.811936 0.64671 -0.508 0.099342 
0.879 0.811243 0.637093 -0.516 0.0952587 
0.88 0.810848 0.632256 -0.52 0.0932512 
0.882 0.809961 0.622526 -0.528 0.0893044 
0.883 0.809468 0.617635 -0.532 0.0873652 
0.884 0.808942 0.612725 -0.536 0.085449 
0.885 0.808384 0.607798 -0.54 0.0835557 
0.886 0.807793 0.602854 -0.544 0.0816853 
0.887 0.807168 0.597893 -0.548 0.0798379 
0.888 0.806511 0.592915 -0.552 0.0780135 
0.889 0.80582 0.587922 -0.556 0.0762121 
0.89 0.805096 0.582912 -0.56 0.0744338 
0.891 0.804338 0.577887 -0.564 0.0726785 
0.893 0.802723 0.56779 -0.572 0.0692372 
0.894 0.801864 0.562719 -0.576 0.0675512 
0.896 0.800046 0.552535 -0.584 0.0642485 
0.897 0.799086 0.547421 -0.588 0.0626318 
0.899 0.797063 0.537154 -0.596 0.0594675 
0.901 0.794903 0.526834 -0.604 0.0563955 
0.902 0.793771 0.521655 -0.608 0.0548941 
0.903 0.792605 0.516464 -0.612 0.0534156 
0.904 0.791404 0.511261 -0.616 0.0519601 
0.905 0.790168 0.506046 -0.62 0.0505275 
0.906 0.788897 0.50082 -0.624 0.0491178 
0.907 0.787592 0.495583 -0.628 0.047731 
0.9 0.796 0.532 -0.6 0.05792 
0.908 0.786251 0.490335 -0.632 0.046367 
0.91 0.783464 0.479808 -0.64 0.0437073 
0.911 0.782018 0.474529 -0.644 0.0424115 
0.913 0.779018 0.463944 -0.652 0.0398877 
0.914 0.777465 0.458637 -0.656 0.0386595 
0.916 0.774251 0.447998 -0.664 0.0362704 
0.917 0.772591 0.442666 -0.668 0.0351093 
0.918 0.770894 0.437326 -0.672 0.0339703 
0.919 0.769161 0.431979 -0.676 0.0328535 
0.92 0.767392 0.426624 -0.68 0.0317587 
0.921 0.765587 0.421262 -0.684 0.0306859 
0.922 0.763745 0.415894 -0.688 0.0296349 
0.923 0.761867 0.410518 -0.692 0.0286056 
0.924 0.759952 0.405137 -0.696 0.027598 
0.925 0.758 0.39975 -0.7 0.0266119 
0.927 0.753986 0.388959 -0.708 0.0247038 
0.928 0.751924 0.383556 -0.712 0.0237816 
0.93 0.747688 0.372736 -0.72 0.0220003 
0.931 0.745514 0.36732 -0.724 0.0211409 
0.933 0.741054 0.356475 -0.732 0.019484 
0.934 0.738768 0.351048 -0.736 0.0186862 
0.935 0.736444 0.345618 -0.74 0.0179086 
0.936 0.734082 0.340185 -0.744 0.0171511 
0.937 0.731683 0.33475 -0.748 0.0164136 
0.938 0.729245 0.329312 -0.752 0.0156958 
0.939 0.72677 0.323873 -0.756 0.0149976 
0.94 0.724256 0.318432 -0.76 0.0143189 
0.941 0.721704 0.31299 -0.764 0.0136594 
0.942 0.719114 0.307547 -0.768 0.013019 
0.944 0.713818 0.296658 -0.776 0.0117947 
0.945 0.711112 0.291214 -0.78 0.0112105 
0.947 0.705584 0.280326 -0.788 0.0100967 
0.948 0.702762 0.274883 -0.792 0.00956685 
0.95 0.697 0.264 -0.8 0.00856 
0.951 0.69406 0.258561 -0.804 0.0080826 
0.952 0.691081 0.253124 -0.808 0.00762226 
0.953 0.688063 0.247688 -0.812 0.00717875 
0.954 0.685005 0.242256 -0.816 0.00675184 
0.955 0.681908 0.236826 -0.82 0.00634128 
0.956 0.678771 0.231399 -0.824 0.00594684 
0.957 0.675594 0.225976 -0.828 0.00556827 
0.958 0.672377 0.220556 -0.832 0.00520533 
0.959 0.669121 0.21514 -0.836 0.00485774 
0.961 0.662487 0.204321 -0.844 0.00420762 
0.962 0.65911 0.198918 -0.848 0.00390454 
0.964 0.652234 0.188129 -0.856 0.00334098 
0.965 0.648736 0.182742 -0.86 0.00307993 
0.967 0.641617 0.171987 -0.868 0.00259785 
0.968 0.637996 0.166619 -0.872 0.00237622 
0.969 0.634335 0.161258 -0.876 0.00216713 
0.97 0.630632 0.155904 -0.88 0.00197027 
0.971 0.626888 0.150557 -0.884 0.00178531 
0.972 0.623103 0.145218 -0.888 0.00161195 
0.973 0.619277 0.139887 -0.892 0.00144985 
0.974 0.615409 0.134564 -0.896 0.00129869 
0.975 0.6115 0.12925 -0.9 0.00115812 
0.976 0.607549 0.123944 -0.904 0.00102782 
0.978 0.599522 0.113361 -0.912 0.000796608 
0.979 0.595446 0.108083 -0.916 0.000694989 
0.981 0.587168 0.0975588 -0.924 0.000517918 
0.982 0.582965 0.0923121 -0.928 0.000441729 
0.984 0.574434 0.0818514 -0.936 0.000312153 
0.985 0.570104 0.076638 -0.94 0.000257996 
0.986 0.565732 0.0714363 -0.944 0.000210403 
0.987 0.561317 0.0662465 -0.948 0.000168977 
0.988 0.55686 0.0610691 -0.952 0.000133311 
0.989 0.552359 0.0559041 -0.956 0.000102997 
0.99 0.547816 0.050752 -0.96 7.76192e-05 
0.991 0.54323 0.045613 -0.964 5.67567e-05 
0.992 0.5386 0.0404874 -0.968 3.99833e-05 
0.993 0.533927 0.0353755 -0.972 2.6867e-05 
0.995 0.524452 0.025194 -0.98 9.8506e-06 
0.996 0.519649 0.0201249 -0.984 5.05876e-06 
0.998 0.509912 0.0100316 -0.992 6.36166e-07 
0.999 0.504978 0.00500795 -0.996 7.97602e-08 
